AMA RC SoaringOldTimer
   1.0000000  0.0000000
   0.9954200  0.0014117
   0.9908471  0.0028301
   0.9862806  0.0042549
   0.9817204  0.0056857
   0.9771658  0.0071224
   0.9726166  0.0085646
   0.9680724  0.0100120
   0.9635324  0.0114644
   0.9589966  0.0129215
   0.9544644  0.0143831
   0.9499354  0.0158487
   0.9454091  0.0173182
   0.9408852  0.0187913
   0.9363632  0.0202676
   0.9318428  0.0217470
   0.9273235  0.0232291
   0.9228048  0.0247136
   0.9182863  0.0262003
   0.9137676  0.0276889
   0.9092484  0.0291792
   0.9047281  0.0306707
   0.9002063  0.0321633
   0.8956826  0.0336566
   0.8911568  0.0351505
   0.8866282  0.0366445
   0.8820963  0.0381385
   0.8775610  0.0396321
   0.8730217  0.0411251
   0.8684779  0.0426172
   0.8639294  0.0441081
   0.8593756  0.0455975
   0.8548161  0.0470851
   0.8502504  0.0485708
   0.8456783  0.0500541
   0.8410993  0.0515348
   0.8365129  0.0530126
   0.8319187  0.0544873
   0.8273163  0.0559585
   0.8227052  0.0574261
   0.8180851  0.0588896
   0.8134554  0.0603488
   0.8088160  0.0618035
   0.8041661  0.0632534
   0.7995055  0.0646981
   0.7948338  0.0661375
   0.7901505  0.0675711
   0.7854552  0.0689988
   0.7807474  0.0704203
   0.7760267  0.0718353
   0.7712928  0.0732434
   0.7665452  0.0746445
   0.7617834  0.0760382
   0.7570072  0.0774243
   0.7522159  0.0788024
   0.7474092  0.0801724
   0.7425867  0.0815338
   0.7377481  0.0828866
   0.7328927  0.0842302
   0.7280202  0.0855646
   0.7231302  0.0868893
   0.7182223  0.0882042
   0.7132961  0.0895089
   0.7083511  0.0908032
   0.7033868  0.0920867
   0.6984030  0.0933593
   0.6933991  0.0946205
   0.6883748  0.0958702
   0.6833296  0.0971081
   0.6782630  0.0983338
   0.6731748  0.0995471
   0.6680643  0.1007478
   0.6629314  0.1019354
   0.6577754  0.1031099
   0.6525959  0.1042708
   0.6473927  0.1054179
   0.6421652  0.1065509
   0.6369129  0.1076695
   0.6316356  0.1087736
   0.6263327  0.1098626
   0.6210039  0.1109365
   0.6156487  0.1119949
   0.6102667  0.1130375
   0.6048576  0.1140641
   0.5994207  0.1150743
   0.5939558  0.1160680
   0.5884623  0.1170447
   0.5829400  0.1180043
   0.5773883  0.1189465
   0.5718068  0.1198709
   0.5661952  0.1207773
   0.5605530  0.1216654
   0.5548798  0.1225349
   0.5491751  0.1233856
   0.5434386  0.1242172
   0.5376697  0.1250294
   0.5318681  0.1258218
   0.5260334  0.1265943
   0.5201651  0.1273466
   0.5142629  0.1280783
   0.5083262  0.1287892
   0.5023547  0.1294790
   0.4963480  0.1301474
   0.4903056  0.1307942
   0.4842271  0.1314191
   0.4781120  0.1320217
   0.4719601  0.1326019
   0.4657707  0.1331593
   0.4595436  0.1336936
   0.4532784  0.1342046
   0.4469744  0.1346920
   0.4406314  0.1351554
   0.4342489  0.1355948
   0.4278265  0.1360096
   0.4213638  0.1363997
   0.4148603  0.1367649
   0.4083157  0.1371047
   0.4017295  0.1374189
   0.3951013  0.1377073
   0.3884306  0.1379696
   0.3817171  0.1382054
   0.3749604  0.1384145
   0.3681599  0.1385967
   0.3613153  0.1387516
   0.3544261  0.1388790
   0.3474920  0.1389785
   0.3405125  0.1390500
   0.3334872  0.1390931
   0.3264156  0.1391075
   0.3217312  0.1390894
   0.3170741  0.1390353
   0.3124446  0.1389459
   0.3078429  0.1388214
   0.3032690  0.1386623
   0.2987231  0.1384692
   0.2942054  0.1382424
   0.2897160  0.1379824
   0.2852550  0.1376897
   0.2808227  0.1373647
   0.2764191  0.1370078
   0.2720445  0.1366196
   0.2676989  0.1362005
   0.2633824  0.1357509
   0.2590953  0.1352713
   0.2548377  0.1347622
   0.2506097  0.1342239
   0.2464115  0.1336570
   0.2422433  0.1330620
   0.2381051  0.1324391
   0.2339971  0.1317890
   0.2299196  0.1311121
   0.2258725  0.1304088
   0.2218561  0.1296796
   0.2178705  0.1289249
   0.2139159  0.1281452
   0.2099924  0.1273409
   0.2061001  0.1265126
   0.2022393  0.1256606
   0.1984100  0.1247854
   0.1946124  0.1238875
   0.1908466  0.1229673
   0.1871128  0.1220252
   0.1834112  0.1210618
   0.1797418  0.1200775
   0.1761049  0.1190727
   0.1725006  0.1180479
   0.1689290  0.1170035
   0.1653903  0.1159400
   0.1618846  0.1148579
   0.1584121  0.1137576
   0.1549729  0.1126396
   0.1515671  0.1115042
   0.1481950  0.1103521
   0.1448566  0.1091835
   0.1415521  0.1079991
   0.1382817  0.1067992
   0.1350455  0.1055842
   0.1318436  0.1043547
   0.1286763  0.1031111
   0.1255435  0.1018539
   0.1224456  0.1005835
   0.1193826  0.0993003
   0.1163547  0.0980048
   0.1133620  0.0966976
   0.1104047  0.0953789
   0.1074829  0.0940493
   0.1045968  0.0927093
   0.1017465  0.0913592
   0.0989322  0.0899996
   0.0961540  0.0886309
   0.0934120  0.0872535
   0.0907065  0.0858679
   0.0880375  0.0844746
   0.0854053  0.0830740
   0.0828098  0.0816666
   0.0802514  0.0802528
   0.0777301  0.0788330
   0.0752462  0.0774079
   0.0727996  0.0759777
   0.0703907  0.0745429
   0.0680194  0.0731040
   0.0656861  0.0716615
   0.0633908  0.0702158
   0.0611337  0.0687673
   0.0589149  0.0673166
   0.0567345  0.0658640
   0.0545928  0.0644101
   0.0524899  0.0629552
   0.0504258  0.0614999
   0.0484009  0.0600445
   0.0464151  0.0585896
   0.0444687  0.0571356
   0.0425618  0.0556829
   0.0406945  0.0542320
   0.0388670  0.0527834
   0.0370795  0.0513375
   0.0353321  0.0498948
   0.0336249  0.0484557
   0.0319581  0.0470206
   0.0303318  0.0455901
   0.0287462  0.0441646
   0.0272014  0.0427445
   0.0256977  0.0413304
   0.0242350  0.0399225
   0.0228136  0.0385215
   0.0214336  0.0371277
   0.0200952  0.0357417
   0.0187985  0.0343638
   0.0175436  0.0329945
   0.0163308  0.0316343
   0.0151601  0.0302836
   0.0140317  0.0289429
   0.0129457  0.0276127
   0.0119024  0.0262933
   0.0109018  0.0249853
   0.0099440  0.0236891
   0.0090294  0.0224052
   0.0081579  0.0211339
   0.0073297  0.0198759
   0.0065450  0.0186314
   0.0058039  0.0174011
   0.0051066  0.0161852
   0.0044532  0.0149843
   0.0038439  0.0137989
   0.0032788  0.0126294
   0.0027581  0.0114762
   0.0022819  0.0103398
   0.0018503  0.0092207
   0.0014635  0.0081193
   0.0011217  0.0070360
   0.0008250  0.0059714
   0.0005735  0.0049258
   0.0003675  0.0038998
   0.0002069  0.0028937
   0.0000921  0.0019081
   0.0000230  0.0009434
   0.0000000  0.0000000
   0.0000837  -0.0009600
   0.0002315  -0.0015695
   0.0004521  -0.0021550
   0.0007446  -0.0027167
   0.0011082  -0.0032551
   0.0015421  -0.0037703
   0.0020454  -0.0042628
   0.0026173  -0.0047327
   0.0032571  -0.0051805
   0.0039638  -0.0056064
   0.0047368  -0.0060108
   0.0055751  -0.0063939
   0.0064779  -0.0067560
   0.0074444  -0.0070975
   0.0084739  -0.0074186
   0.0095654  -0.0077197
   0.0107182  -0.0080011
   0.0119314  -0.0082631
   0.0132043  -0.0085059
   0.0145360  -0.0087300
   0.0159257  -0.0089355
   0.0173725  -0.0091229
   0.0188757  -0.0092923
   0.0204344  -0.0094442
   0.0220479  -0.0095789
   0.0237152  -0.0096965
   0.0254356  -0.0097975
   0.0272083  -0.0098822
   0.0290325  -0.0099508
   0.0309072  -0.0100037
   0.0328318  -0.0100412
   0.0348053  -0.0100635
   0.0368270  -0.0100710
   0.0388961  -0.0100640
   0.0410117  -0.0100428
   0.0431730  -0.0100078
   0.0453792  -0.0099591
   0.0476294  -0.0098971
   0.0499230  -0.0098222
   0.0522589  -0.0097346
   0.0546365  -0.0096347
   0.0570549  -0.0095227
   0.0595133  -0.0093990
   0.0620108  -0.0092638
   0.0645467  -0.0091175
   0.0671201  -0.0089604
   0.0697302  -0.0087927
   0.0723762  -0.0086149
   0.0750572  -0.0084271
   0.0777726  -0.0082298
   0.0805213  -0.0080231
   0.0833027  -0.0078075
   0.0861158  -0.0075832
   0.0889600  -0.0073505
   0.0918343  -0.0071098
   0.0947379  -0.0068613
   0.0976701  -0.0066054
   0.1006299  -0.0063423
   0.1036167  -0.0060724
   0.1066295  -0.0057960
   0.1096676  -0.0055134
   0.1127301  -0.0052248
   0.1158162  -0.0049307
   0.1189251  -0.0046312
   0.1220560  -0.0043268
   0.1252080  -0.0040176
   0.1283804  -0.0037041
   0.1315722  -0.0033866
   0.1347828  -0.0030652
   0.1380113  -0.0027404
   0.1412568  -0.0024125
   0.1445186  -0.0020817
   0.1477958  -0.0017484
   0.1510876  -0.0014128
   0.1543932  -0.0010754
   0.1577117  -0.0007363
   0.1610424  -0.0003959
   0.1643845  -0.0000545
   0.1677370  0.0002876
   0.1710993  0.0006301
   0.1744704  0.0009726
   0.1778496  0.0013149
   0.1812360  0.0016567
   0.1846288  0.0019977
   0.1880273  0.0023374
   0.1914305  0.0026758
   0.1948377  0.0030124
   0.1982480  0.0033469
   0.2016607  0.0036790
   0.2050749  0.0040084
   0.2084897  0.0043349
   0.2119045  0.0046580
   0.2153182  0.0049776
   0.2187303  0.0052932
   0.2221397  0.0056047
   0.2255458  0.0059116
   0.2289476  0.0062136
   0.2323444  0.0065105
   0.2357353  0.0068020
   0.2391195  0.0070877
   0.2424963  0.0073674
   0.2458647  0.0076407
   0.2492240  0.0079073
   0.2525734  0.0081670
   0.2559120  0.0084193
   0.2592390  0.0086641
   0.2625535  0.0089009
   0.2658549  0.0091296
   0.2691422  0.0093497
   0.2724147  0.0095610
   0.2756715  0.0097632
   0.2789118  0.0099559
   0.2821347  0.0101389
   0.2853396  0.0103118
   0.2885254  0.0104744
   0.2916915  0.0106263
   0.2948370  0.0107673
   0.2979611  0.0108969
   0.3010630  0.0110150
   0.3041418  0.0111212
   0.3071967  0.0112152
   0.3102270  0.0112967
   0.3132318  0.0113653
   0.3162102  0.0114209
   0.3191615  0.0114630
   0.3220848  0.0114913
   0.3249794  0.0115057
   0.3270338  0.0115097
   0.3283724  0.0115273
   0.3298460  0.0115619
   0.3314526  0.0116132
   0.3331906  0.0116808
   0.3350584  0.0117641
   0.3370541  0.0118627
   0.3391760  0.0119762
   0.3414224  0.0121041
   0.3437915  0.0122460
   0.3462816  0.0124014
   0.3488910  0.0125699
   0.3516180  0.0127509
   0.3544607  0.0129442
   0.3574174  0.0131491
   0.3604866  0.0133654
   0.3636662  0.0135924
   0.3669548  0.0138298
   0.3703505  0.0140772
   0.3738515  0.0143340
   0.3774562  0.0145998
   0.3811629  0.0148742
   0.3849696  0.0151567
   0.3888748  0.0154468
   0.3928768  0.0157442
   0.3969737  0.0160484
   0.4011638  0.0163589
   0.4054455  0.0166752
   0.4098169  0.0169970
   0.4142763  0.0173237
   0.4188220  0.0176549
   0.4234523  0.0179903
   0.4281654  0.0183292
   0.4329596  0.0186713
   0.4378331  0.0190161
   0.4427843  0.0193632
   0.4478114  0.0197121
   0.4529126  0.0200624
   0.4580861  0.0204136
   0.4633304  0.0207653
   0.4686436  0.0211170
   0.4740240  0.0214683
   0.4794699  0.0218187
   0.4849795  0.0221677
   0.4905511  0.0225150
   0.4961830  0.0228600
   0.5018734  0.0232024
   0.5076206  0.0235416
   0.5134227  0.0238773
   0.5192783  0.0242089
   0.5251855  0.0245361
   0.5311425  0.0248583
   0.5371475  0.0251751
   0.5431991  0.0254862
   0.5492951  0.0257909
   0.5554342  0.0260889
   0.5616143  0.0263797
   0.5678340  0.0266629
   0.5740913  0.0269380
   0.5803846  0.0272046
   0.5867121  0.0274623
   0.5930721  0.0277104
   0.5994629  0.0279488
   0.6058826  0.0281767
   0.6123297  0.0283939
   0.6188024  0.0285999
   0.6252987  0.0287942
   0.6318173  0.0289764
   0.6383561  0.0291460
   0.6449136  0.0293026
   0.6514879  0.0294457
   0.6580774  0.0295748
   0.6646803  0.0296896
   0.6712949  0.0297896
   0.6779193  0.0298743
   0.6845521  0.0299432
   0.6911911  0.0299960
   0.6978350  0.0300322
   0.7044818  0.0300512
   0.7111300  0.0300528
   0.7177776  0.0300364
   0.7244231  0.0300015
   0.7310644  0.0299478
   0.7377002  0.0298748
   0.7443286  0.0297820
   0.7509478  0.0296689
   0.7575560  0.0295352
   0.7641517  0.0293803
   0.7707329  0.0292039
   0.7772982  0.0290055
   0.7838455  0.0287845
   0.7903733  0.0285407
   0.7968798  0.0282735
   0.8033633  0.0279824
   0.8098219  0.0276671
   0.8162541  0.0273271
   0.8226579  0.0269619
   0.8290318  0.0265710
   0.8353739  0.0261541
   0.8416827  0.0257107
   0.8479562  0.0252403
   0.8541929  0.0247424
   0.8603908  0.0242167
   0.8665484  0.0236627
   0.8726637  0.0230799
   0.8787352  0.0224678
   0.8847613  0.0218261
   0.8907399  0.0211543
   0.8966693  0.0204519
   0.9025480  0.0197185
   0.9083742  0.0189536
   0.9141461  0.0181568
   0.9198619  0.0173276
   0.9255201  0.0164656
   0.9311187  0.0155703
   0.9366561  0.0146413
   0.9421305  0.0136781
   0.9475403  0.0126803
   0.9528835  0.0116475
   0.9581587  0.0105791
   0.9633641  0.0094747
   0.9684976  0.0083339
   0.9735578  0.0071563
   0.9785429  0.0059413
   0.9834513  0.0046886
   0.9882810  0.0033976
   0.9930303  0.0020679
   0.9976977  0.0006992
   1.0000000  0.0000000
